0 41652873 31716 41 0 0
8 57269888 53416 21 -128 -128
25 112851783 35092 9 127 127
44 34123698 56206 42 -1 -1
66 73214144 37213 13 127 127
80 64986747 62932 21 -128 -128
145 115925148 21023 19 -128 -128
209 69523176 30272 31 -128 -128
251 13704374 40452 38 -2 -2
260 122830266 8930 24 -128 -128
278 69887180 29871 39 -4 -4
301 35247072 64806 46 -1 -1
366 6593843 26159 9 127 127
372 1886335 5219 15 127 127
425 53620507 22728 21 127 127
497 732371 24074 25 127 127
514 42876643 29791 22 127 127
519 68906722 13742 31 -128 -128
550 67927380 23832 33 -128 -128
554 124489951 8261 11 -128 -128
605 103523117 63474 13 127 127
687 130119472 38857 35 3 3
719 57984487 39851 10 -128 -128
721 133345644 40151 45 0 0
863 22257717 46279 14 -128 -128
915 100656846 32453 26 -128 -128
984 50529684 35042 25 -128 -128
1021 10955604 946 37 0 0
1074 79545274 7630 9 -128 -128
1081 120908598 7520 47 -1 -1
1094 117342002 40507 18 127 127
1096 133126643 30298 23 -128 -128
1163 15631525 15706 33 28 28
1169 32840922 61336 41 -1 -1
1244 71986537 49994 44 0 0
1272 12061276 64216 12 -128 -128
1304 69242961 20934 22 -128 -128
1356 3267839 1210 11 127 127
1357 13204505 25120 11 127 127
1367 11286964 32125 40 0 0
1387 111065903 48003 18 127 127
1399 93444273 7171 30 -128 -128
1401 80598157 17989 39 -2 -2
1412 26039800 22390 39 1 1
1422 100004493 37152 30 127 127
1440 64415782 35194 25 -128 -128
1466 27855185 9240 34 14 14
1501 132447892 41283 30 39 39
1534 4209675 10638 13 127 127
1573 34249327 28206 12 127 127
1673 37118648 52268 38 -2 -2
1695 72797322 17652 34 -64 -64
1743 129975199 37136 42 0 0
1764 66048654 20128 22 127 127
1767 98920822 33823 16 127 127
1794 35565053 49287 9 -128 -128
1804 33970996 44648 40 -1 -1
1887 5196307 48929 26 -128 -128
1980 69089053 9687 28 -128 -128
2015 121158345 56262 44 0 0
2032 13834411 27677 38 1 1
2185 105597206 40214 47 0 0
2208 42467545 9139 44 0 0
2276 73203752 50097 8 127 127
2291 88063082 47308 36 12 12
2330 131514054 17858 33 -6 -6
2395 113347236 30039 9 -128 -128
2427 98589458 4305 42 -1 -1
2473 8046682 6238 42 0 0
2544 118078117 12009 9 -128 -128
2655 49625874 8337 28 127 127
2662 67606003 27386 11 -128 -128
2678 118237188 3923 26 -128 -128
2691 67514928 29773 16 -128 -128
2791 114465814 3922 21 -128 -128
2816 40388293 31132 43 0 0
2817 81782985 20599 43 -1 -1
2850 129211803 41224 18 127 127
3034 119890512 38693 36 5 5
3058 54629789 41708 43 -1 -1
3062 35089854 25570 30 127 127
3110 16816994 47170 9 -128 -128
3114 3264332 51893 14 -128 -128
3124 71371233 32681 16 -128 -128
3170 122523199 20603 28 -128 -128
3192 76088243 23705 29 -128 -128
3234 105623561 18320 11 -128 -128
3238 97055015 62953 20 127 127
3257 84349657 58168 17 127 127
3402 20239739 54441 41 -1 -1
3450 72340958 63834 21 127 127
3533 32911539 10116 26 127 127
3609 54215979 41577 41 -1 -1
3674 7207345 26519 32 44 44
3830 42369997 4450 34 10 10
3845 634425 14749 25 127 127
3853 53588001 44759 39 -3 -3
3889 68548544 8603 11 -128 -128
3896 56740743 49965 14 -128 -128
3904 14280566 6896 12 127 127
3913 49843876 32747 38 5 5
3990 11870201 17752 36 3 3
3999 289490 30542 31 4 4
4000 66113819 45012 31 -128 -128
4007 112014826 28955 14 -128 -128
4016 28475766 15371 18 127 127
4023 57210080 41345 46 -1 -1
4118 95628540 64179 19 127 127
4174 132742724 49326 25 127 127
4189 121560559 13880 20 -128 -128
4203 8406753 56362 18 -128 -128
4207 113661903 3464 45 -1 -1
4211 85106348 45502 33 114 114
4214 126992235 42677 26 127 127
4248 83523261 45695 27 127 127
4262 126928019 12020 45 -1 -1
4266 49979677 15868 37 5 5
4365 60831601 44236 39 -3 -3
4374 113279730 15520 25 -128 -128
4470 105542850 9568 40 -1 -1
4518 119171581 26328 9 -128 -128
4633 45057746 55199 10 -128 -128
4653 76846174 38763 8 127 127
4660 130652076 37255 30 93 93
4691 70818569 43475 9 127 127
4705 131493790 12521 25 -128 -128
4754 129611095 12530 11 -128 -128
4823 66992925 46879 12 -128 -128
4865 29551908 58539 14 -128 -128
4963 768020 18163 22 127 127
5010 129518727 4025 40 -1 -1
5031 38049921 39270 12 -128 -128
5044 53270557 33759 45 -1 -1
5086 64688678 31647 28 127 127
5195 52400715 29681 29 127 127
5197 77543715 53004 40 0 0
5302 75251888 54865 35 18 18
5313 123951656 43247 21 127 127
5437 103078277 4105 47 -1 -1
5481 128559520 26391 13 -128 -128
5482 92120398 55763 13 127 127
5492 88390076 13235 44 -1 -1
5498 15973694 8281 21 127 127
5516 60269029 5647 23 127 127
5540 119507540 24244 32 -84 -84
5614 85851449 8651 32 -98 -98
5620 87280130 47558 45 0 0
5702 89531213 31313 36 -21 -21
5771 94416481 9371 26 -128 -128
5802 19317145 14399 44 0 0
5838 129698177 1452 33 -1 -1
5844 89828980 16558 46 -1 -1
5847 91300694 42218 35 29 29
5897 105240386 35915 29 127 127
5940 2268113 16673 13 127 127
5982 22469068 45804 32 -104 -104
6038 111549344 29081 37 -5 -5
6091 25403626 19161 44 0 0
6100 117443172 37292 20 127 127
6105 127753946 2063 16 -128 -128
6112 45803492 52510 12 -128 -128
6132 9112912 19098 24 127 127
6228 73557669 34168 20 127 127
6233 115873331 35695 13 127 127
6281 96372829 3673 12 -128 -128
6345 50351320 42545 38 -5 -5
6396 38893913 52508 32 -118 -118
6481 34127097 27333 27 127 127
6497 34131035 56393 38 -2 -2
6505 18856137 18279 27 127 127
6564 5951268 22159 18 127 127
6592 119094644 17080 16 -128 -128
6593 1011967 59736 16 -128 -128
6606 94371332 920 33 -5 -5
6635 43627133 26513 28 127 127
6647 38355611 429 41 0 0
6660 127427755 57801 24 127 127
6803 17899097 62355 36 -1 -1
6848 62927273 7200 40 0 0
6875 3154235 54932 15 -128 -128
6899 3764341 58525 44 -1 -1
7033 423635 21667 26 127 127
7046 124717839 51143 36 1 1
7055 26216869 18730 40 0 0
7100 123092503 21212 11 -128 -128
7137 34881013 37055 39 -2 -2
7158 19192624 32198 14 127 127
7173 124450839 44325 44 0 0
7200 91135657 65190 22 127 127
7215 121256029 10425 29 -128 -128
7228 51702909 49138 18 -128 -128
7255 121623685 3344 15 -128 -128
7300 21129496 16220 29 127 127
7304 111916693 32186 14 -128 -128
7330 73056456 46687 23 127 127
7334 31224286 32740 9 127 127
7355 96881237 40746 22 127 127
7393 5882074 24749 36 2 2
7478 60520152 312 43 0 0
7483 131664749 25144 19 -128 -128
7510 62137933 61361 15 -128 -128
7519 8367904 57411 11 -128 -128
7532 10962031 20202 34 12 12
7533 77353821 61203 34 14 14
7546 16722466 59719 43 -1 -1
7581 66663354 60772 29 -128 -128
7604 73051912 60803 18 127 127
7657 93938360 61854 40 0 0
7674 250192 36891 34 -1 -1
7684 133699126 2940 14 -128 -128
7701 61290606 3511 10 127 127
7742 109495872 26411 13 -128 -128
7799 61426171 24798 43 0 0
7889 85030589 30753 23 -128 -128
7898 13008586 54657 44 -1 -1
7904 71773073 6369 15 -128 -128
7907 33191774 9048 19 127 127
7908 98086196 50084 19 127 127
7983 114935409 63361 47 0 0
8025 107291520 41122 9 127 127
8035 81290545 31952 33 -128 -128
8067 115792521 43341 9 127 127
8117 100574137 40341 40 0 0
8157 45291474 15996 22 127 127
8170 114053594 15037 28 -128 -128
8171 77535962 18934 28 -128 -128
8199 60445578 35395 26 -128 -128
8217 37678419 44740 32 -128 -128
8262 110828992 49907 11 127 127
8273 92065447 43877 19 127 127
8338 101643491 45489 26 127 127
8364 41834082 34545 19 -128 -128
8385 9802909 47847 22 -128 -128
8412 84473864 33316 33 127 127
8435 36679496 18849 26 127 127
8543 119022284 13000 15 -128 -128
8564 59600659 60142 31 -128 -128
8619 107413126 15172 9 -128 -128
8623 42626114 58904 32 -66 -66
8693 15632171 17971 18 127 127
8801 107463963 20530 9 -128 -128
8841 2979102 60715 20 -128 -128
9028 33003057 21574 18 127 127
9040 5350120 51364 38 -1 -1
9069 82414509 5930 28 -128 -128
9076 47247794 30674 31 127 127
9124 74320188 53884 20 127 127
9138 38752062 18259 39 1 1
9142 119917423 28754 25 -128 -128
9186 69697437 47889 15 127 127
9195 110097765 54152 42 0 0
9218 33932515 20103 13 127 127
9229 45787967 42524 26 -128 -128
9284 131489227 998 45 -1 -1
9312 73010166 31067 9 -128 -128
9360 81986959 51601 34 42 42
9390 122797974 38014 21 127 127
9408 18204414 50939 38 -1 -1
9414 107467031 40250 30 127 127
9421 46026090 50261 15 -128 -128
9482 34639598 19093 37 4 4
9548 96724950 18320 38 -3 -3
9650 21706406 53052 46 -1 -1
9682 116832880 19903 9 -128 -128
9704 499865 60540 44 -1 -1
9705 51931778 2659 44 0 0
9707 121393163 19111 18 -128 -128
9766 49555359 21251 35 30 30
9878 125309980 16415 9 -128 -128
9902 103317924 45773 9 127 127
9921 57998784 53428 28 -128 -128
9962 65898343 43009 44 -1 -1
9996 89635856 40492 40 1 1
10020 403516 60936 43 -1 -1
10160 134141380 12196 30 -1 -1
10179 133610341 65181 13 127 127
10223 133725209 31153 39 -1 -1
10258 209530 61551 27 -7 -7
10406 133913540 52257 26 60 60
10410 134162284 20150 36 -1 -1
10549 133718005 54809 28 19 19
10603 133400610 17520 27 -107 -107
10648 133026200 22121 14 -128 -128
10676 134199085 50018 42 0 0
10719 158800 22244 31 1 1
10729 18072 26919 23 57 57
10752 187407 34287 12 -128 -128
10795 134020957 43959 10 127 127
10931 11484 18305 16 127 127
10986 134214215 43250 34 0 0
11016 133894173 60832 30 1 1
11028 133773381 46517 10 127 127
11087 83920 14553 22 127 127
11101 204865 29926 22 127 127
11122 74342 1621 8 127 127
11134 133922782 45467 47 0 0
11163 646126 54419 27 -54 -54
11195 165353 17426 27 21 21
11236 546659 12061 33 0 0
11289 93287 59708 34 -1 -1
11308 133686897 17656 23 -128 -128
11349 392174 5873 33 0 0
11384 105961 50061 29 -4 -4
11385 134143634 23791 29 -4 -4
11581 175522 18483 44 0 0
11609 227868 31504 17 127 127
11720 133749306 55876 30 4 4
11887 133956339 55959 45 0 0
11926 26031 49680 15 -128 -128
12002 134179415 39677 27 7 7
12019 220341 18198 32 0 0
12029 257859 22418 33 0 0
12081 133847009 10867 21 -128 -128
12088 134178757 24176 29 -2 -2
12221 193222 18689 22 127 127
12256 134041627 34917 37 0 0
12268 134102399 9724 8 -128 -128
12273 273018 53828 16 -128 -128
12280 284001 38899 31 -4 -4
12383 223965 35640 35 -1 -1
12444 134210267 54378 40 0 0
12451 34808 51937 38 -1 -1
12483 133922699 21629 38 -1 -1
12498 134062512 44162 8 127 127
12546 322483 50865 19 -128 -128
12547 771610 2125 19 127 127
12572 133658083 50904 18 127 127
12589 133754629 47446 26 124 124
12606 226573 54569 26 -38 -38
12634 45813 12372 46 0 0
12660 134015762 25753 36 -1 -1
12681 282270 49667 8 -128 -128
12714 134025432 3181 46 -1 -1
12777 292148 30412 18 127 127
12814 197410 29519 36 0 0
12863 133881554 12301 11 -128 -128
12866 343938 14567 33 0 0
12867 134090598 36636 33 0 0
12941 133249678 22613 34 -2 -2
12971 407399 45697 8 -128 -128
13016 292218 1411 15 127 127
13019 133729169 61111 42 0 0
13039 134127184 60944 15 127 127
13043 265540 17112 8 127 127
13055 134150365 33985 42 0 0
13082 209630 4217 44 0 0
13101 134085982 17852 30 -3 -3
13114 242736 6500 43 0 0
13122 133328757 49514 29 26 26
13128 134142517 57676 17 127 127
13129 134208145 35159 17 127 127
13185 692752 31882 26 127 127
13233 331197 9451 33 0 0
13237 13405 60448 46 -1 -1
13247 168483 46535 32 -1 -1
13296 939477 15878 11 127 127
13302 152118 34309 43 -1 -1
13333 133988652 32538 19 -128 -128
13399 78995 16031 44 0 0
13400 55508 24119 44 0 0
13443 217053 55246 33 -1 -1
13493 134136570 16044 40 -1 -1
13500 133444392 1798 39 -1 -1
13529 133814010 50707 39 0 0
13536 134880 52707 35 -1 -1
13620 358983 35083 11 -128 -128
13638 133567770 7647 23 -128 -128
13650 134109328 5445 36 -1 -1
13703 133759339 34970 40 0 0
13715 134062164 33644 40 0 0
13731 89747 10213 38 0 0
13737 732571 17311 28 47 47
13801 244688 26080 19 127 127
13821 723575 19999 46 0 0
13880 134109145 49818 28 6 6
13897 209637 1992 41 0 0
13955 134110976 22666 18 -128 -128
13956 134173812 38075 18 127 127
14073 133519401 52660 15 127 127
14103 133810476 17743 23 -128 -128
14179 134103887 28517 8 -128 -128
14232 133732801 14187 14 -128 -128
14234 133917092 42651 21 127 127
14246 67028 6953 41 0 0
14260 109620 3841 18 127 127
14330 133550884 64298 39 0 0
14346 729419 56289 29 -13 -13
14360 198998 46647 38 -1 -1
14403 134161044 34375 25 52 52
14519 134118254 59898 17 127 127
14580 133684300 64294 30 0 0
14630 100499 16807 15 127 127
14639 417749 41678 47 -1 -1
14643 133879272 32674 20 -128 -128
14675 346361 31950 24 127 127
14691 134186466 22828 36 -1 -1
14745 134078980 4892 37 -1 -1
14782 183879 42625 32 -1 -1
14784 134041443 10301 38 -1 -1
14804 188621 41114 42 -1 -1
14816 352204 16705 24 127 127
14873 133816916 12462 27 -38 -38
14899 133569684 18162 14 -128 -128
15039 133852574 2 12 -128 -128
15059 113168 300 34 0 0
15078 133625940 4 27 -1 -1
15109 134100845 65280 10 127 127
15144 133562756 40 18 -100 -100
15274 467825 65534 46 -1 -1
15436 266139 65535 19 -1 -1
15579 133960845 65280 20 62 62
15655 31838 65280 23 -1 -1
15714 133841743 2 9 -128 -128
15742 127975 2 13 31 31
15769 328179 40 24 0 0
15785 133943703 65281 42 0 0
15810 134133962 16 45 -1 -1
15814 273951 100 22 6 6
15845 486698 256 38 0 0
15928 134128061 96 26 -1 -1
15945 59796 255 20 14 14
16100 134027680 40 22 -2 -2
16208 28384 300 32 0 0
16331 185814 65281 14 -128 -128
16360 133618495 65534 23 0 0
16488 133587467 65534 21 0 0
16548 133910171 300 37 -1 -1
16599 134141627 4 12 -75 -75
16664 133625659 32767 33 -3 -3
16699 660385 65535 15 -21 -21
16738 102071 100 30 0 0
16766 133924082 65534 13 71 71
16768 133263389 65281 26 3 3
16831 134033629 65280 37 0 0
16876 382595 56 36 0 0
16885 133725963 65534 14 60 60
16925 133978805 255 42 -1 -1
16969 134096342 32767 18 -128 -128
16983 133587226 256 36 -1 -1
16998 133963165 256 36 -1 -1
17016 134198393 32768 20 127 127
17052 25224 65281 39 -1 -1
17065 134161336 255 11 -128 -128
17100 133774570 1 44 -1 -1
17110 523239 48 10 127 127
17114 94635 32767 24 127 127
17123 134116281 8 11 -128 -128
17191 134112721 255 25 -1 -1
17267 36946 65281 39 -1 -1
17285 133787621 16 22 -2 -2
17347 518907 48 29 0 0
17366 33528 16 46 0 0
17386 244504 16 16 59 59
17390 765811 96 11 127 127
17403 133918168 32767 45 -1 -1
17483 133802290 300 17 -128 -128
17507 133842727 100 34 -1 -1
17634 134141770 256 35 -1 -1
17661 920204 32767 33 3 3
17672 134208701 300 8 -128 -128
17675 289785 256 14 127 127
17676 133966873 64 14 -128 -128
17685 133816394 65534 24 0 0
17701 133612351 65281 21 73 73
17713 133720309 40 21 -10 -10
17716 133034 32767 13 127 127
17765 13113 2 33 0 0
17795 134138528 255 16 -128 -128
17864 409948 40 10 127 127
17885 134091030 300 44 -1 -1
17886 528980 96 44 0 0
17898 36863 65281 15 -128 -128
17907 404167 65281 37 -1 -1
17925 668643 1 28 0 0
17956 719557 32767 27 127 127
17962 187202 65281 46 -1 -1
17979 134143426 300 38 -1 -1
18027 133806126 64 20 -26 -26
18063 157514 65535 11 -77 -77
18192 133764645 100 37 -1 -1
18214 401415 96 18 127 127
18215 54780 256 18 53 53
18219 336299 2 9 127 127
18239 134216568 32767 15 -128 -128
18261 133851479 300 28 -1 -1
18272 361045 255 40 0 0
18289 133962817 65280 36 0 0
18315 133825192 96 33 -1 -1
18443 142521 96 30 0 0
18482 133963845 65535 11 123 123
18487 870146 256 37 0 0
18563 134211945 32767 47 -1 -1
18576 285564 56 20 15 15
18582 134023944 65535 28 0 0
18595 134106235 100 35 -1 -1
18599 134198230 4 16 -2 -2
18622 43143 257 44 0 0
18654 133763537 32768 32 3 3
18727 64739 255 17 125 125
18745 134205020 256 24 -1 -1
18751 298373 32768 27 -73 -73
18786 133808777 65535 9 127 127
18827 134043783 40 18 -27 -27
18831 133893182 1 34 -1 -1
18834 134013865 4 26 -1 -1
18852 145218 96 15 127 127
18881 60424 1 15 1 1
18958 134137106 32767 45 -1 -1
18977 134146451 256 32 -1 -1
19006 133857351 255 22 -22 -22
19014 134151635 40 8 -128 -128
19054 202768 48 33 0 0
19070 56151 257 37 0 0
19074 133965971 96 10 -128 -128
19178 384217 100 28 0 0
19236 133494371 96 18 -128 -128
19287 134057342 257 33 -1 -1
19292 134082176 65534 44 0 0
19466 134207916 32767 37 -1 -1
19522 133526958 1 10 -128 -128
19555 395921 300 12 127 127
19713 486898 48 46 0 0
19718 133615728 16 44 -1 -1
19738 466598 8 37 0 0
19784 134162174 32767 13 -128 -128
19807 598967 56 36 0 0
19858 467364 100 42 0 0
19898 30681 300 9 127 127
19914 133773943 16 16 -109 -109
19966 134076137 2 30 -1 -1
19980 87430 56 22 1 1
20219 768 100 28 0 0
20223 66584576 1 20 63 63
20277 256 48 15 0 0
20278 134217727 257 15 -1 -1
20307 134217600 16 29 -1 -1
20351 67108864 4 34 -1 -1
20379 512 32767 10 127 127
20401 448 257 23 0 0
20427 448 48 35 0 0
20519 67108864 16 45 -1 -1
20527 134217727 300 41 -1 -1
20616 33554432 256 23 127 127
20662 133693440 65281 23 15 15
20667 67108863 65535 21 -32 -32
20724 1 2 19 0 0
20733 67108864 65534 18 127 127
20842 520192 32767 35 0 0
20890 1 4 13 0 0
20935 134039535 56 14 -128 -128
20964 67108863 40 28 9 9
21040 520192 65535 9 -128 -128
21100 127 32767 30 0 0
21144 100663296 256 33 -1 -1
21165 768 65534 41 -1 -1
21191 134217600 56 39 -1 -1
21224 67108864 100 47 -1 -1
21285 67108864 56 47 -1 -1
21471 134217727 300 28 -1 -1
21475 33554432 8 30 0 0
21485 768 4 46 0 0
21491 0 100 37 0 0
21495 67108864 255 19 -128 -128
21527 66584576 32767 12 127 127
21531 768 65280 44 -1 -1
21651 67108864 65534 37 0 0
21666 320 32768 8 -128 -128
21679 128 256 10 32 32
21691 134217727 65534 23 0 0
21693 1 1 28 0 0
21736 0 96 27 0 0
21743 448 64 34 0 0
21773 128 56 11 3 3
21898 67108863 1 9 127 127
21927 768 65535 39 -1 -1
21934 33554432 257 15 127 127
21955 127 1 43 0 0
21975 1 48 47 0 0
21991 66584576 1 40 0 0
22039 127 40 27 0 0
22082 134217727 48 30 -1 -1
22092 768 65280 40 -1 -1
22147 617280 300 41 0 0
22324 67108864 100 29 -13 -13
22330 133693440 8 17 -32 -32
22388 256 2 44 0 0
22416 512 257 29 0 0
22462 520192 1 14 31 31
22511 512 8 43 0 0
22513 134217600 96 16 -1 -1
22555 256 96 31 0 0
22579 67108863 65280 35 -1 -1
22630 127 100 26 0 0
22788 67108864 65281 28 63 63
22823 256 255 12 15 15
22852 255 4 26 0 0
22876 133835472 96 40 -1 -1
22890 256 65534 29 -1 -1
22943 66584576 2 32 0 0
23004 320 256 31 0 0
23021 320 2 9 1 1
23217 256 16 30 0 0
23377 134217727 65534 20 0 0
23444 67108863 8 39 0 0
23455 133449511 1 16 -12 -12
23461 67108864 40 42 -1 -1
23592 128 65281 40 -1 -1
23610 67108863 56 37 0 0
23682 67108864 32768 8 127 127
23716 128 32768 19 -8 -8
23723 133693440 2 19 -2 -2
23746 320 64 12 5 5
23749 134217600 4 28 -1 -1
23812 448 4 28 0 0
23818 128 8 30 0 0
23892 133693440 300 33 -1 -1
23907 448 1 43 0 0
24009 256 255 31 0 0
24015 134217600 65281 20 0 0
24097 512 64 32 0 0
24102 67108864 65535 14 127 127
24223 255 255 9 127 127
24224 33554432 100 9 127 127
24230 0 65280 46 0 0
24316 0 40 44 0 0
24343 127 40 38 0 0
24355 67108863 48 15 127 127
24367 0 96 8 0 0
24376 67108864 257 46 -1 -1
24426 67108864 96 17 -128 -128
24433 67108863 40 17 127 127
24440 100663296 2 11 -128 -128
24464 67108864 257 22 -128 -128
24559 448 32767 34 0 0
24578 512 100 29 0 0
24600 134217600 32768 38 0 0
24670 67108864 96 24 -128 -128
24677 255 64 40 0 0
24680 256 32767 43 0 0
24686 67108864 65280 30 16 16
24706 134217599 4 27 -1 -1
24742 66584576 256 13 127 127
24752 255 300 35 0 0
24831 255 65534 19 -1 -1
24897 128 32768 36 -1 -1
25066 134217727 300 37 -1 -1
25155 0 96 42 0 0
25166 320 100 42 0 0
25248 133693440 32767 45 -1 -1
25272 0 1 16 0 0
25354 256 4 27 0 0
25388 911994 255 22 55 55
25407 520192 1 44 0 0
25449 134217600 256 43 -1 -1
25467 134217599 255 26 -1 -1
25473 134217599 65281 24 0 0
25491 33554432 256 19 127 127
25496 1 65280 22 -1 -1
25600 448 65280 44 -1 -1
25608 100663296 16 20 -128 -128
25630 768 64 31 0 0
25643 0 256 14 0 0
25884 134217600 100 9 -25 -25
25937 133693440 65534 12 127 127
25946 448 257 15 3 3
25985 127 32767 33 0 0
26007 133742906 96 8 -128 -128
26010 67108864 65281 17 127 127
26110 134217599 1 41 -1 -1
26139 67108864 64 20 -128 -128
26152 512 2 19 0 0
26169 320 40 17 0 0
26248 320 2 27 0 0
26283 67108864 40 34 -1 -1
26383 127 32767 15 126 126
26476 134217599 96 27 -1 -1
26477 256 4 27 0 0
26516 67108864 96 8 -128 -128
26523 624092 48 14 127 127
26541 134217600 32767 26 -1 -1
26551 127 32767 30 0 0
26582 67108864 8 46 -1 -1
26656 67108864 65280 31 8 8
26660 67108864 65535 45 0 0
26679 520192 16 10 127 127
26714 100663296 255 32 -2 -2
26767 67108864 4 36 -1 -1
26827 448 56 31 0 0
26828 134217727 300 31 -1 -1
26858 512 32768 39 -1 -1
26898 127 100 35 0 0
27043 67108864 300 36 -1 -1
27081 67108863 96 11 127 127
27097 320 8 47 0 0
27155 520192 56 44 0 0
27192 448 300 18 0 0
27196 67108864 65281 14 127 127
27227 67108864 96 34 -1 -1
27268 512 65281 43 -1 -1
27295 67108863 300 31 9 9
27302 67108864 8 36 -1 -1
27313 1 4 34 0 0
27391 134217600 4 46 -1 -1
27404 134217600 255 23 -1 -1
27418 512 2 19 0 0
27436 320 96 22 0 0
27444 256 65281 19 -1 -1
27456 320 8 38 0 0
27482 512 65534 21 -1 -1
27517 67108864 65535 33 0 0
27533 320 16 18 0 0
27559 256 56 14 0 0
27584 520192 8 30 0 0
27633 67108864 257 23 -128 -128
27733 67108864 4 37 -1 -1
27765 768 32768 13 -128 -128
27775 100663296 8 10 -128 -128
27812 33554432 16 8 127 127
27851 448 65534 18 -1 -1
27858 1 256 22 0 0
27937 255 65535 30 -1 -1
27963 67108864 2 43 -1 -1
27996 133693440 32767 12 -128 -128
28000 67108864 65280 38 0 0
28071 134217599 4 30 -1 -1
28092 448 1 38 0 0
28194 66584576 16 37 0 0
28250 66584576 16 32 0 0
28349 67108864 255 23 -128 -128
28371 33554432 65535 8 -128 -128
28383 255 2 12 0 0
28411 256 32767 33 0 0
28416 100663296 48 36 -1 -1
28463 33554432 256 37 0 0
28499 67108863 48 14 127 127
28617 67108863 100 40 0 0
28619 133312238 100 15 -128 -128
28655 66584576 65535 38 -1 -1
28720 134217599 40 42 -1 -1
28806 67108864 1 9 -128 -128
28820 128 1 16 0 0
28822 133693440 96 12 -128 -128
28873 0 257 42 0 0
28883 134217727 65280 26 0 0
28894 520192 65280 18 -128 -128
28915 127 100 47 0 0
28920 134217727 8 41 -1 -1
28936 256 16 40 0 0
28984 133577691 48 40 -1 -1
29096 0 16 40 0 0
29102 127 257 31 0 0
29104 67108864 65280 41 0 0
29199 520192 1 35 0 0
29263 133693440 65281 38 0 0
29309 134217727 256 19 -1 -1
29312 520192 100 35 0 0
29367 768 64 33 0 0
29385 1 2 32 0 0
29401 255 32768 29 -1 -1
29582 100663296 16 37 -1 -1
29587 289633 1 36 0 0
29598 134217727 256 36 -1 -1
29605 67108864 40 9 -128 -128
29623 134217727 65281 33 0 0
29627 512 48 14 1 1
29631 768 2 21 0 0
29684 66584576 48 28 11 11
29711 133693440 300 27 -2 -2
29721 520192 100 39 0 0
29788 67108864 8 19 -128 -128
29833 255 100 8 99 99
29943 768 4 28 0 0
